Statistics:
Count: 12624
Mean: 249.77621989860583
Median: 249.0
Mode: 94.0
Standard Deviation: 145.3236057694065
Variance: 21118.950393821877
Execution time: 0.063153 seconds
