Statistics:
Count: 307
Mean: 241.49511400651465
Median: 241.0
Mode: 11.0
Standard Deviation: 145.70234164786086
Variance: 21229.172361669967
