Statistics:
Count: 12624
Mean: 149.00267347908746
Median: 147.75
Mode: 123.75
Standard Deviation: 130.41958525663028
Variance: 17009.268218511454
Execution time: 0.078124 seconds
